   2.8682987593894236E-009   1.3105410621901550E-008   5.1053836534744065E-008   1.6949879535027105E-007   4.7954421239945301E-007   1.1561295761183116E-006   2.3751879663937593E-006   4.1581747605647763E-006   6.2032661087762547E-006   7.8858969817216917E-006   8.5426895164059101E-006   7.8858966056930293E-006   6.2032669961602693E-006   4.1581756528117570E-006   2.3751880796514346E-006   1.1561289559235790E-006   4.7954441819645003E-007   1.6949877413446836E-007   5.1053792717087077E-008   1.3105415542149282E-008   2.8682973928925843E-009   5.3664879108774063E-010   8.7371205595015722E-011   1.4026296800792942E-011   3.8704463120951781E-012   2.6766440788786084E-012   2.5574345641002861E-012   2.5473166372502195E-012   2.5465864097872264E-012   2.5465415793896050E-012   2.5465392375477052E-012   2.5465391334329634E-012   2.5465391294926470E-012   2.5465391293656824E-012   2.5465391293621988E-012   2.5465391293621176E-012   2.5465391293621160E-012   2.5465391293621160E-012   2.5465391293621160E-012   2.5465391293621160E-012   2.5465391293621160E-012   2.5465391293621160E-012   2.5465391293621160E-012   2.5465391293621160E-012   2.5465391293621160E-012   2.5465391293621160E-012   2.5465391293621160E-012   2.5465391293621160E-012   2.5465391293621160E-012   2.5465391293621160E-012   2.5465391293621160E-012
   1.3105410621901550E-008   5.9911789898634343E-008   2.3342053338867728E-007   7.7497754089177761E-007   2.1925749627348968E-006   5.2860755098256980E-006   1.0859884816791081E-005   1.9012101697314155E-005   2.8362719585010204E-005   3.6056086608792730E-005   3.9059089887201035E-005   3.6056084889505095E-005   2.8362723642329649E-005   1.9012105776868164E-005   1.0859885334630660E-005   5.2860726741558065E-006   2.1925759036850776E-006   7.7497744388835324E-007   2.3342033304448890E-007   5.9911812395114050E-008   1.3105404373970542E-008   2.4445822337150187E-009   3.9038400383002060E-010   5.5034574699398107E-011   8.5997407114524823E-012   3.1414082384073620E-012   2.5963555089805891E-012   2.5500940704031033E-012   2.5467553061060846E-012   2.5465503314391694E-012   2.5465396240109775E-012   2.5465391479749464E-012   2.5465391299589325E-012   2.5465391293784230E-012   2.5465391293624957E-012   2.5465391293621237E-012   2.5465391293621160E-012   2.5465391293621160E-012   2.5465391293621160E-012   2.5465391293621160E-012   2.5465391293621160E-012   2.5465391293621160E-012   2.5465391293621160E-012   2.5465391293621160E-012   2.5465391293621160E-012   2.5465391293621160E-012   2.5465391293621160E-012   2.5465391293621160E-012   2.5465391293621160E-012   2.5465391293621160E-012   2.5465391293621160E-012
   5.1053836534744065E-008   2.3342053338867728E-007   9.0944412065394563E-007   3.0194548530058810E-006   8.5426882943648362E-006   2.0595564103308727E-005   4.2312202046937833E-005   7.4074814056470016E-005   1.1050662792612562E-004   1.4048147224205058E-004   1.5218175320774955E-004   1.4048146554337365E-004   1.1050664373422595E-004   7.4074829951200616E-005   4.2312204064540884E-005   2.0595553054990966E-005   8.5426919604885441E-006   3.0194544750617980E-006   9.0944334007428046E-007   2.3342062103930906E-007   5.1053812191597458E-008   9.5171894169297361E-009   1.5136362334527577E-009   2.0705006662219442E-010   2.6130981997506887E-011   4.8642641094472807E-012   2.7406333690923533E-012   2.5603898664875494E-012   2.5473813957228853E-012   2.5465827748186049E-012   2.5465410566096480E-012   2.5465392018812996E-012   2.5465391316874286E-012   2.5465391294256518E-012   2.5465391293635955E-012   2.5465391293621451E-012   2.5465391293621164E-012   2.5465391293621160E-012   2.5465391293621160E-012   2.5465391293621160E-012   2.5465391293621160E-012   2.5465391293621160E-012   2.5465391293621160E-012   2.5465391293621160E-012   2.5465391293621160E-012   2.5465391293621160E-012   2.5465391293621160E-012   2.5465391293621160E-012   2.5465391293621160E-012   2.5465391293621160E-012   2.5465391293621160E-012
   1.6949879535027105E-007   7.7497754089177761E-007   3.0194548530058810E-006   1.0024937067375487E-005   2.8362717556350690E-005   6.8379673781708409E-005   1.4048144963401375E-004   2.4593703339148386E-004   3.6689491298321977E-004   4.6641489907335999E-004   5.0526119921372355E-004   4.6641487683296936E-004   3.6689496546796029E-004   2.4593708616384700E-004   1.4048145633269152E-004   6.8379637100002234E-005   2.8362729728309836E-005   1.0024935812556962E-005   3.0194522613901658E-006   7.7497783190211829E-007   1.6949871452818010E-007   3.1592272806640775E-008   5.0195409153144067E-009   6.8152214937659988E-010   8.0849645609034350E-011   1.0241656920392631E-011   3.1909546877731119E-012   2.5925251952623482E-012   2.5493355521099543E-012   2.5466840373782147E-012   2.5465455280491470E-012   2.5465393701342803E-012   2.5465391370824253E-012   2.5465391295730620E-012   2.5465391293670274E-012   2.5465391293622134E-012   2.5465391293621176E-012   2.5465391293621160E-012   2.5465391293621160E-012   2.5465391293621160E-012   2.5465391293621160E-012   2.5465391293621160E-012   2.5465391293621160E-012   2.5465391293621160E-012   2.5465391293621160E-012   2.5465391293621160E-012   2.5465391293621160E-012   2.5465391293621160E-012   2.5465391293621160E-012   2.5465391293621160E-012   2.5465391293621160E-012
   4.7954421239945301E-007   2.1925749627348968E-006   8.5426882943648362E-006   2.8362717556350690E-005   8.0244277564574650E-005   1.9346092976523516E-004   3.9745249858294746E-004   6.9580922720693743E-004   1.0380253144961834E-003   1.3195889493895876E-003   1.4294935615121640E-003   1.3195888864666978E-003   1.0380254629869031E-003   6.9580937651140347E-004   3.9745251753496043E-004   1.9346082598472922E-004   8.0244312001688197E-005   2.8362714006196836E-005   8.5426809621216540E-006   2.1925757860662909E-006   4.7954398373621977E-007   8.9376736615000039E-008   1.4196712236851305E-008   1.9235158673608195E-009   2.2408301788140454E-010   2.4317697077605899E-011   4.3697305719706422E-012   2.6766436880342750E-012   2.5544508160947363E-012   2.5469491055823795E-012   2.5465572326361397E-012   2.5465398105588132E-012   2.5465391512045463E-012   2.5465391299589281E-012   2.5465391293760121E-012   2.5465391293623919E-012   2.5465391293621205E-012   2.5465391293621160E-012   2.5465391293621160E-012   2.5465391293621160E-012   2.5465391293621160E-012   2.5465391293621160E-012   2.5465391293621160E-012   2.5465391293621160E-012   2.5465391293621160E-012   2.5465391293621160E-012   2.5465391293621160E-012   2.5465391293621160E-012   2.5465391293621160E-012   2.5465391293621160E-012   2.5465391293621160E-012
   1.1561295761183116E-006   5.2860755098256980E-006   2.0595564103308727E-005   6.8379673781708409E-005   1.9346092976523516E-004   4.6641496301450490E-004   9.5821824791428312E-004   1.6775265019742876E-003   2.5025752863424128E-003   3.1813970697693477E-003   3.4463661054054229E-003   3.1813969180685513E-003   2.5025756443386982E-003   1.6775268619324325E-003   9.5821829360569221E-004   4.6641471281007709E-004   1.9346101278967416E-004   6.8379665222642220E-005   2.0595546426003256E-005   5.2860774947954037E-006   1.1561290248341096E-006   2.1547478649159641E-007   3.4223261429505164E-008   4.6338116021485800E-009   5.3664884839070476E-010   5.5034625068767418E-011   6.9420714823550583E-012   2.8602082172869291E-012   2.5656134153571303E-012   2.5475275410549375E-012   2.5465827745464920E-012   2.5465407716592710E-012   2.5465391820220320E-012   2.5465391308009700E-012   2.5465391293956181E-012   2.5465391293627808E-012   2.5465391293621273E-012   2.5465391293621160E-012   2.5465391293621160E-012   2.5465391293621160E-012   2.5465391293621160E-012   2.5465391293621160E-012   2.5465391293621160E-012   2.5465391293621160E-012   2.5465391293621160E-012   2.5465391293621160E-012   2.5465391293621160E-012   2.5465391293621160E-012   2.5465391293621160E-012   2.5465391293621160E-012   2.5465391293621160E-012
   2.3751879663937593E-006   1.0859884816791081E-005   4.2312202046937833E-005   1.4048144963401375E-004   3.9745249858294746E-004   9.5821824791428312E-004   1.9685951025716401E-003   3.4463656534827153E-003   5.1413730299759786E-003   6.5359668431335550E-003   7.0803279505672438E-003   6.5359665314744415E-003   5.1413737654553270E-003   3.4463663929925757E-003   1.9685951964415757E-003   9.5821773388607228E-004   3.9745266915108785E-004   1.4048143204998650E-004   4.2312165730099604E-005   1.0859888894778185E-005   2.3751868338173505E-006   4.4267580788896804E-007   7.0306709477183037E-008   9.5171699081282536E-009   1.0998239015745454E-009   1.1037979036364078E-010   1.1576865460481833E-011   3.1909512270269360E-012   2.5857259702804417E-012   2.5485697548743122E-012   2.5466287954653419E-012   2.5465425033514426E-012   2.5465392375483809E-012   2.5465391323181457E-012   2.5465391294309437E-012   2.5465391293634816E-012   2.5465391293621391E-012   2.5465391293621164E-012   2.5465391293621160E-012   2.5465391293621160E-012   2.5465391293621160E-012   2.5465391293621160E-012   2.5465391293621160E-012   2.5465391293621160E-012   2.5465391293621160E-012   2.5465391293621160E-012   2.5465391293621160E-012   2.5465391293621160E-012   2.5465391293621160E-012   2.5465391293621160E-012   2.5465391293621160E-012
   4.1581747605647763E-006   1.9012101697314155E-005   7.4074814056470016E-005   2.4593703339148386E-004   6.9580922720693743E-004   1.6775265019742876E-003   3.4463656534827153E-003   6.0334581777707324E-003   9.0008612767398105E-003   1.1442338558997135E-002   1.2395336675441255E-002   1.1442338013384044E-002   9.0008625643234075E-003   6.0334594724104369E-003   3.4463658178182448E-003   1.6775256020791439E-003   6.9580952581592003E-004   2.4593700260760776E-004   7.4074750477573731E-005   1.9012108836534766E-005   4.1581727777942053E-006   7.7497852940352007E-007   1.2308212357578808E-007   1.6659537689871486E-008   1.9235200351177949E-009   1.9132726558644365E-010   1.8355684689014639E-011   3.6746937805707073E-012   2.6151424610009560E-012   2.5500940899606963E-012   2.5466961053589613E-012   2.5465450361130385E-012   2.5465393187608543E-012   2.5465391345371567E-012   2.5465391294826106E-012   2.5465391293645067E-012   2.5465391293621564E-012   2.5465391293621164E-012   2.5465391293621160E-012   2.5465391293621160E-012   2.5465391293621160E-012   2.5465391293621160E-012   2.5465391293621160E-012   2.5465391293621160E-012   2.5465391293621160E-012   2.5465391293621160E-012   2.5465391293621160E-012   2.5465391293621160E-012   2.5465391293621160E-012   2.5465391293621160E-012   2.5465391293621160E-012
   6.2032661087762547E-006   2.8362719585010204E-005   1.1050662792612562E-004   3.6689491298321977E-004   1.0380253144961834E-003   2.5025752863424128E-003   5.1413730299759786E-003   9.0008612767398105E-003   1.3427706191006477E-002   1.7069962038893587E-002   1.8491668064122189E-002   1.7069961224934559E-002   1.3427708111855353E-002   9.0008632081151601E-003   5.1413732751357617E-003   2.5025739438567095E-003   1.0380257599684065E-003   3.6689486705907643E-004   1.1050653307756458E-004   2.8362730235475048E-005   6.2032631508303700E-006   1.1561307751623067E-006   1.8361568620462211E-007   2.4851855548837337E-008   2.8683020389843791E-009   2.8417426915311022E-010   2.6131011236964511E-011   4.2295479804157861E-012   2.6488832665211889E-012   2.5518425070028925E-012   2.5467733100143965E-012   2.5465479411983947E-012   2.5465394119118110E-012   2.5465391370823688E-012   2.5465391295418731E-012   2.5465391293656824E-012   2.5465391293621762E-012   2.5465391293621168E-012   2.5465391293621160E-012   2.5465391293621160E-012   2.5465391293621160E-012   2.5465391293621160E-012   2.5465391293621160E-012   2.5465391293621160E-012   2.5465391293621160E-012   2.5465391293621160E-012   2.5465391293621160E-012   2.5465391293621160E-012   2.5465391293621160E-012   2.5465391293621160E-012   2.5465391293621160E-012
   7.8858969817216917E-006   3.6056086608792730E-005   1.4048147224205058E-004   4.6641489907335999E-004   1.3195889493895876E-003   3.1813970697693477E-003   6.5359668431335550E-003   1.1442338558997135E-002   1.7069962038893587E-002   2.1700177220659249E-002   2.3507520004071875E-002   2.1700176185914410E-002   1.7069964480771367E-002   1.1442341014256688E-002   6.5359671547927578E-003   3.1813953631353422E-003   1.3195895156958366E-003   4.6641484069232506E-004   1.4048135166588416E-004   3.6056100148188660E-005   7.8858932214350539E-006   1.4697297430358404E-006   2.3342062103930782E-007   3.1592213118944642E-008   3.6456362002674249E-009   3.6056559260102190E-010   3.2528282688068363E-011   4.6860629460965371E-012   2.6766440416552878E-012   2.5532810444533380E-012   2.5468368313514186E-012   2.5465503314027799E-012   2.5465394885532169E-012   2.5465391391764815E-012   2.5465391295906319E-012   2.5465391293666502E-012   2.5465391293621928E-012   2.5465391293621168E-012   2.5465391293621160E-012   2.5465391293621160E-012   2.5465391293621160E-012   2.5465391293621160E-012   2.5465391293621160E-012   2.5465391293621160E-012   2.5465391293621160E-012   2.5465391293621160E-012   2.5465391293621160E-012   2.5465391293621160E-012   2.5465391293621160E-012   2.5465391293621160E-012   2.5465391293621160E-012
   8.5426895164059101E-006   3.9059089887201035E-005   1.5218175320774955E-004   5.0526119921372355E-004   1.4294935615121640E-003   3.4463661054054229E-003   7.0803279505672438E-003   1.2395336675441255E-002   1.8491668064122189E-002   2.3507520004071875E-002   2.5465390956168173E-002   2.3507518883146238E-002   1.8491670709376660E-002   1.2395339335192025E-002   7.0803282881836110E-003   3.4463642566309803E-003   1.4294941749843657E-003   5.0526113597030718E-004   1.5218162258915543E-004   3.9059104554252707E-005   8.5426854429362737E-006   1.5921389204114284E-006   2.5286131353806974E-007   3.4223221859084581E-008   3.9490582295993826E-009   3.9038392754420921E-010   3.5025372334402120E-011   4.8642574783921864E-012   2.6874800902255886E-012   2.5538425583738937E-012   2.5468616260586955E-012   2.5465512643872043E-012   2.5465395184691682E-012   2.5465391399938911E-012   2.5465391296096644E-012   2.5465391293670274E-012   2.5465391293621988E-012   2.5465391293621172E-012   2.5465391293621160E-012   2.5465391293621160E-012   2.5465391293621160E-012   2.5465391293621160E-012   2.5465391293621160E-012   2.5465391293621160E-012   2.5465391293621160E-012   2.5465391293621160E-012   2.5465391293621160E-012   2.5465391293621160E-012   2.5465391293621160E-012   2.5465391293621160E-012   2.5465391293621160E-012
   7.8858966056930293E-006   3.6056084889505095E-005   1.4048146554337365E-004   4.6641487683296936E-004   1.3195888864666978E-003   3.1813969180685513E-003   6.5359665314744415E-003   1.1442338013384044E-002   1.7069961224934559E-002   2.1700176185914410E-002   2.3507518883146238E-002   2.1700175151169621E-002   1.7069963666812224E-002   1.1442340468643479E-002   6.5359668431336313E-003   3.1813952114346268E-003   1.3195894527729204E-003   4.6641481845193764E-004   1.4048134496721300E-004   3.6056098428900381E-005   7.8858928454065728E-006   1.4697296729538027E-006   2.3342060990906929E-007   3.1592211612632362E-008   3.6456360265514134E-009   3.6056557552934830E-010   3.2528281258427863E-011   4.6860628440761153E-012   2.6766440354514037E-012   2.5532810441318584E-012   2.5468368313372232E-012   2.5465503314022459E-012   2.5465394885531999E-012   2.5465391391764815E-012   2.5465391295906319E-012   2.5465391293666502E-012   2.5465391293621928E-012   2.5465391293621168E-012   2.5465391293621160E-012   2.5465391293621160E-012   2.5465391293621160E-012   2.5465391293621160E-012   2.5465391293621160E-012   2.5465391293621160E-012   2.5465391293621160E-012   2.5465391293621160E-012   2.5465391293621160E-012   2.5465391293621160E-012   2.5465391293621160E-012   2.5465391293621160E-012   2.5465391293621160E-012
   6.2032669961602693E-006   2.8362723642329649E-005   1.1050664373422595E-004   3.6689496546796029E-004   1.0380254629869031E-003   2.5025756443386982E-003   5.1413737654553270E-003   9.0008625643234075E-003   1.3427708111855353E-002   1.7069964480771367E-002   1.8491670709376660E-002   1.7069963666812224E-002   1.3427710032704506E-002   9.0008644956990347E-003   5.1413740106151474E-003   2.5025743018528019E-003   1.0380259084591897E-003   3.6689491954381071E-004   1.1050654888565137E-004   2.8362734292796012E-005   6.2032640382139611E-006   1.1561309405477847E-006   1.8361571247069370E-007   2.4851859103559718E-008   2.8683024489340174E-009   2.8417430944028264E-010   2.6131014610750519E-011   4.2295482211721422E-012   2.6488832811616355E-012   2.5518425077615467E-012   2.5467733100478965E-012   2.5465479411996553E-012   2.5465394119118518E-012   2.5465391370823696E-012   2.5465391295418731E-012   2.5465391293656824E-012   2.5465391293621762E-012   2.5465391293621168E-012   2.5465391293621160E-012   2.5465391293621160E-012   2.5465391293621160E-012   2.5465391293621160E-012   2.5465391293621160E-012   2.5465391293621160E-012   2.5465391293621160E-012   2.5465391293621160E-012   2.5465391293621160E-012   2.5465391293621160E-012   2.5465391293621160E-012   2.5465391293621160E-012   2.5465391293621160E-012
   4.1581756528117570E-006   1.9012105776868164E-005   7.4074829951200616E-005   2.4593708616384700E-004   6.9580937651140347E-004   1.6775268619324325E-003   3.4463663929925757E-003   6.0334594724104369E-003   9.0008632081151601E-003   1.1442341014256688E-002   1.2395339335192025E-002   1.1442340468643479E-002   9.0008644956990347E-003   6.0334607670504206E-003   3.4463665573281409E-003   1.6775259620370967E-003   6.9580967512044981E-004   2.4593705537996434E-004   7.4074766372290629E-005   1.9012112916090286E-005   4.1581736700407675E-006   7.7497869569533072E-007   1.2308214998580077E-007   1.6659541264074142E-008   1.9235204473140024E-009   1.9132730609439354E-010   1.8355688081289363E-011   3.6746940226464408E-012   2.6151424757216346E-012   2.5500940907235083E-012   2.5466961053926447E-012   2.5465450361143059E-012   2.5465393187608951E-012   2.5465391345371575E-012   2.5465391294826106E-012   2.5465391293645067E-012   2.5465391293621564E-012   2.5465391293621164E-012   2.5465391293621160E-012   2.5465391293621160E-012   2.5465391293621160E-012   2.5465391293621160E-012   2.5465391293621160E-012   2.5465391293621160E-012   2.5465391293621160E-012   2.5465391293621160E-012   2.5465391293621160E-012   2.5465391293621160E-012   2.5465391293621160E-012   2.5465391293621160E-012   2.5465391293621160E-012
   2.3751880796514346E-006   1.0859885334630660E-005   4.2312204064540884E-005   1.4048145633269152E-004   3.9745251753496043E-004   9.5821829360569221E-004   1.9685951964415757E-003   3.4463658178182448E-003   5.1413732751357617E-003   6.5359671547927578E-003   7.0803282881836110E-003   6.5359668431336313E-003   5.1413740106151474E-003   3.4463665573281409E-003   1.9685952903115149E-003   9.5821777957745687E-004   3.9745268810310890E-004   1.4048143874866340E-004   4.2312167747700927E-005   1.0859889412617959E-005   2.3751869470749721E-006   4.4267582899727557E-007   7.0306712829546888E-008   9.5171703618208848E-009   1.0998239538968095E-009   1.1037979550553110E-010   1.1576865891081396E-011   3.1909512577549008E-012   2.5857259721490156E-012   2.5485697549711400E-012   2.5466287954696176E-012   2.5465425033516038E-012   2.5465392375483862E-012   2.5465391323181457E-012   2.5465391294309437E-012   2.5465391293634816E-012   2.5465391293621391E-012   2.5465391293621164E-012   2.5465391293621160E-012   2.5465391293621160E-012   2.5465391293621160E-012   2.5465391293621160E-012   2.5465391293621160E-012   2.5465391293621160E-012   2.5465391293621160E-012   2.5465391293621160E-012   2.5465391293621160E-012   2.5465391293621160E-012   2.5465391293621160E-012   2.5465391293621160E-012   2.5465391293621160E-012
   1.1561289559235790E-006   5.2860726741558065E-006   2.0595553054990966E-005   6.8379637100002234E-005   1.9346082598472922E-004   4.6641471281007709E-004   9.5821773388607228E-004   1.6775256020791439E-003   2.5025739438567095E-003   3.1813953631353422E-003   3.4463642566309803E-003   3.1813952114346268E-003   2.5025743018528019E-003   1.6775259620370967E-003   9.5821777957745687E-004   4.6641446260578361E-004   1.9346090900912370E-004   6.8379628540940707E-005   2.0595535377694982E-005   5.2860746591244475E-006   1.1561284046396727E-006   2.1547467090330474E-007   3.4223243072087185E-008   4.6338091177449340E-009   5.3664856187596064E-010   5.5034596911970218E-011   6.9420691244082650E-012   2.8602080490217540E-012   2.5656134051248883E-012   2.5475275405247123E-012   2.5465827745230789E-012   2.5465407716583905E-012   2.5465391820220038E-012   2.5465391308009696E-012   2.5465391293956181E-012   2.5465391293627808E-012   2.5465391293621273E-012   2.5465391293621160E-012   2.5465391293621160E-012   2.5465391293621160E-012   2.5465391293621160E-012   2.5465391293621160E-012   2.5465391293621160E-012   2.5465391293621160E-012   2.5465391293621160E-012   2.5465391293621160E-012   2.5465391293621160E-012   2.5465391293621160E-012   2.5465391293621160E-012   2.5465391293621160E-012   2.5465391293621160E-012
   4.7954441819645003E-007   2.1925759036850776E-006   8.5426919604885441E-006   2.8362729728309836E-005   8.0244312001688197E-005   1.9346101278967416E-004   3.9745266915108785E-004   6.9580952581592003E-004   1.0380257599684065E-003   1.3195895156958366E-003   1.4294941749843657E-003   1.3195894527729204E-003   1.0380259084591897E-003   6.9580967512044981E-004   3.9745268810310890E-004   1.9346090900912370E-004   8.0244346438816585E-005   2.8362726178154458E-005   8.5426846282422244E-006   2.1925767270168292E-006   4.7954418953311864E-007   8.9376774970248588E-008   1.4196718328327549E-008   1.9235166917515747E-009   2.2408311295456493E-010   2.4317706420775042E-011   4.3697313543996801E-012   2.6766437438691049E-012   2.5544508194900647E-012   2.5469491057583222E-012   2.5465572326439082E-012   2.5465398105591052E-012   2.5465391512045556E-012   2.5465391299589281E-012   2.5465391293760121E-012   2.5465391293623919E-012   2.5465391293621205E-012   2.5465391293621160E-012   2.5465391293621160E-012   2.5465391293621160E-012   2.5465391293621160E-012   2.5465391293621160E-012   2.5465391293621160E-012   2.5465391293621160E-012   2.5465391293621160E-012   2.5465391293621160E-012   2.5465391293621160E-012   2.5465391293621160E-012   2.5465391293621160E-012   2.5465391293621160E-012   2.5465391293621160E-012
   1.6949877413446836E-007   7.7497744388835324E-007   3.0194544750617980E-006   1.0024935812556962E-005   2.8362714006196836E-005   6.8379665222642220E-005   1.4048143204998650E-004   2.4593700260760776E-004   3.6689486705907643E-004   4.6641484069232506E-004   5.0526113597030718E-004   4.6641481845193764E-004   3.6689491954381071E-004   2.4593705537996434E-004   1.4048143874866340E-004   6.8379628540940707E-005   2.8362726178154458E-005   1.0024934557738605E-005   3.0194518834464072E-006   7.7497773489865739E-007   1.6949869331238784E-007   3.1592268852562711E-008   5.0195402873384865E-009   6.8152206438939413E-010   8.0849635807854274E-011   1.0241655957196681E-011   3.1909546071117791E-012   2.5925251895062843E-012   2.5493355517599265E-012   2.5466840373600765E-012   2.5465455280483461E-012   2.5465393701342500E-012   2.5465391370824245E-012   2.5465391295730620E-012   2.5465391293670274E-012   2.5465391293622134E-012   2.5465391293621176E-012   2.5465391293621160E-012   2.5465391293621160E-012   2.5465391293621160E-012   2.5465391293621160E-012   2.5465391293621160E-012   2.5465391293621160E-012   2.5465391293621160E-012   2.5465391293621160E-012   2.5465391293621160E-012   2.5465391293621160E-012   2.5465391293621160E-012   2.5465391293621160E-012   2.5465391293621160E-012   2.5465391293621160E-012
   5.1053792717087077E-008   2.3342033304448890E-007   9.0944334007428046E-007   3.0194522613901658E-006   8.5426809621216540E-006   2.0595546426003256E-005   4.2312165730099604E-005   7.4074750477573731E-005   1.1050653307756458E-004   1.4048135166588416E-004   1.5218162258915543E-004   1.4048134496721300E-004   1.1050654888565137E-004   7.4074766372290629E-005   4.2312167747700927E-005   2.0595535377694982E-005   8.5426846282422244E-006   3.0194518834464072E-006   9.0944255949528519E-007   2.3342042069504545E-007   5.1053768373961460E-008   9.5171812504493617E-009   1.5136349364745638E-009   2.0704989109547574E-010   2.6130961754824998E-011   4.8642621201287323E-012   2.7406332024999943E-012   2.5603898545993711E-012   2.5473813949999626E-012   2.5465827747811435E-012   2.5465410566079937E-012   2.5465392018812374E-012   2.5465391316874266E-012   2.5465391294256518E-012   2.5465391293635955E-012   2.5465391293621451E-012   2.5465391293621164E-012   2.5465391293621160E-012   2.5465391293621160E-012   2.5465391293621160E-012   2.5465391293621160E-012   2.5465391293621160E-012   2.5465391293621160E-012   2.5465391293621160E-012   2.5465391293621160E-012   2.5465391293621160E-012   2.5465391293621160E-012   2.5465391293621160E-012   2.5465391293621160E-012   2.5465391293621160E-012   2.5465391293621160E-012
   1.3105415542149282E-008   5.9911812395114050E-008   2.3342062103930906E-007   7.7497783190211829E-007   2.1925757860662909E-006   5.2860774947954037E-006   1.0859888894778185E-005   1.9012108836534766E-005   2.8362730235475048E-005   3.6056100148188660E-005   3.9059104554252707E-005   3.6056098428900381E-005   2.8362734292796012E-005   1.9012112916090286E-005   1.0859889412617959E-005   5.2860746591244475E-006   2.1925767270168292E-006   7.7497773489865739E-007   2.3342042069504545E-007   5.9911834891602320E-008   1.3105409294215860E-008   2.4445831507222147E-009   3.9038414946660564E-010   5.5034594409145172E-011   8.5997429844861290E-012   3.1414084617862622E-012   2.5963555276871042E-012   2.5500940717380169E-012   2.5467553061872610E-012   2.5465503314433760E-012   2.5465396240111629E-012   2.5465391479749533E-012   2.5465391299589329E-012   2.5465391293784230E-012   2.5465391293624957E-012   2.5465391293621237E-012   2.5465391293621160E-012   2.5465391293621160E-012   2.5465391293621160E-012   2.5465391293621160E-012   2.5465391293621160E-012   2.5465391293621160E-012   2.5465391293621160E-012   2.5465391293621160E-012   2.5465391293621160E-012   2.5465391293621160E-012   2.5465391293621160E-012   2.5465391293621160E-012   2.5465391293621160E-012   2.5465391293621160E-012   2.5465391293621160E-012
   2.8682973928925843E-009   1.3105404373970542E-008   5.1053812191597458E-008   1.6949871452818010E-007   4.7954398373621977E-007   1.1561290248341096E-006   2.3751868338173505E-006   4.1581727777942053E-006   6.2032631508303700E-006   7.8858932214350539E-006   8.5426854429362737E-006   7.8858928454065728E-006   6.2032640382139611E-006   4.1581736700407675E-006   2.3751869470749721E-006   1.1561284046396727E-006   4.7954418953311864E-007   1.6949869331238784E-007   5.1053768373961460E-008   1.3105409294215860E-008   2.8682960263964063E-009   5.3664853640799757E-010   8.7371165147472175E-011   1.4026291326819180E-011   3.8704456808071850E-012   2.6766440168397478E-012   2.5574345589049391E-012   2.5473166368794750E-012   2.5465864097646812E-012   2.5465415793884366E-012   2.5465392375476539E-012   2.5465391334329614E-012   2.5465391294926470E-012   2.5465391293656824E-012   2.5465391293621988E-012   2.5465391293621176E-012   2.5465391293621160E-012   2.5465391293621160E-012   2.5465391293621160E-012   2.5465391293621160E-012   2.5465391293621160E-012   2.5465391293621160E-012   2.5465391293621160E-012   2.5465391293621160E-012   2.5465391293621160E-012   2.5465391293621160E-012   2.5465391293621160E-012   2.5465391293621160E-012   2.5465391293621160E-012   2.5465391293621160E-012   2.5465391293621160E-012
   5.3664879108774063E-010   2.4445822337150187E-009   9.5171894169297361E-009   3.1592272806640775E-008   8.9376736615000039E-008   2.1547478649159641E-007   4.4267580788896804E-007   7.7497852940352007E-007   1.1561307751623067E-006   1.4697297430358404E-006   1.5921389204114284E-006   1.4697296729538027E-006   1.1561309405477847E-006   7.7497869569533072E-007   4.4267582899727557E-007   2.1547467090330474E-007   8.9376774970248588E-008   3.1592268852562711E-008   9.5171812504493617E-009   2.4445831507222147E-009   5.3664853640799757E-010   1.0208941430547311E-010   1.8355667727651263E-011   4.6860696794566624E-012   2.7932812596421139E-012   2.5707873340870115E-012   2.5485697571981800E-012   2.5466840367658390E-012   2.5465479412131010E-012   2.5465395859840073E-012   2.5465391495251176E-012   2.5465391301208172E-012   2.5465391293864435E-012   2.5465391293627808E-012   2.5465391293621314E-012   2.5465391293621164E-012   2.5465391293621160E-012   2.5465391293621160E-012   2.5465391293621160E-012   2.5465391293621160E-012   2.5465391293621160E-012   2.5465391293621160E-012   2.5465391293621160E-012   2.5465391293621160E-012   2.5465391293621160E-012   2.5465391293621160E-012   2.5465391293621160E-012   2.5465391293621160E-012   2.5465391293621160E-012   2.5465391293621160E-012   2.5465391293621160E-012
   8.7371205595015722E-011   3.9038400383002060E-010   1.5136362334527577E-009   5.0195409153144067E-009   1.4196712236851305E-008   3.4223261429505164E-008   7.0306709477183037E-008   1.2308212357578808E-007   1.8361568620462211E-007   2.3342062103930782E-007   2.5286131353806974E-007   2.3342060990906929E-007   1.8361571247069370E-007   1.2308214998580077E-007   7.0306712829546888E-008   3.4223243072087185E-008   1.4196718328327549E-008   5.0195402873384865E-009   1.5136349364745638E-009   3.9038414946660564E-010   8.7371165147472175E-011   1.8355667727651263E-011   5.0573019197182302E-012   2.8863335500735075E-012   2.5857260431549014E-012   2.5503901632617830E-012   2.5468616281500884E-012   2.5465621431617100E-012   2.5465405288363139E-012   2.5465392018815626E-012   2.5465391325643491E-012   2.5465391294826106E-012   2.5465391293659797E-012   2.5465391293622214E-012   2.5465391293621185E-012   2.5465391293621160E-012   2.5465391293621160E-012   2.5465391293621160E-012   2.5465391293621160E-012   2.5465391293621160E-012   2.5465391293621160E-012   2.5465391293621160E-012   2.5465391293621160E-012   2.5465391293621160E-012   2.5465391293621160E-012   2.5465391293621160E-012   2.5465391293621160E-012   2.5465391293621160E-012   2.5465391293621160E-012   2.5465391293621160E-012   2.5465391293621160E-012
   1.4026296800792942E-011   5.5034574699398107E-011   2.0705006662219442E-010   6.8152214937659988E-010   1.9235158673608195E-009   4.6338116021485800E-009   9.5171699081282536E-009   1.6659537689871486E-008   2.4851855548837337E-008   3.1592213118944642E-008   3.4223221859084581E-008   3.1592211612632362E-008   2.4851859103559718E-008   1.6659541264074142E-008   9.5171703618208848E-009   4.6338091177449340E-009   1.9235166917515747E-009   6.8152206438939413E-010   2.0704989109547574E-010   5.5034594409145172E-011   1.4026291326819180E-011   4.6860696794566624E-012   2.8863335500735075E-012   2.5925252530971316E-012   2.5518424956230913E-012   2.5470603095540892E-012   2.5465827747790626E-012   2.5465422439377866E-012   2.5465393187601451E-012   2.5465391391765449E-012   2.5465391297954904E-012   2.5465391293784230E-012   2.5465391293626391E-012   2.5465391293621302E-012   2.5465391293621164E-012   2.5465391293621160E-012   2.5465391293621160E-012   2.5465391293621160E-012   2.5465391293621160E-012   2.5465391293621160E-012   2.5465391293621160E-012   2.5465391293621160E-012   2.5465391293621160E-012   2.5465391293621160E-012   2.5465391293621160E-012   2.5465391293621160E-012   2.5465391293621160E-012   2.5465391293621160E-012   2.5465391293621160E-012   2.5465391293621160E-012   2.5465391293621160E-012
   3.8704463120951781E-012   8.5997407114524823E-012   2.6130981997506887E-011   8.0849645609034350E-011   2.2408301788140454E-010   5.3664884839070476E-010   1.0998239015745454E-009   1.9235200351177949E-009   2.8683020389843791E-009   3.6456362002674249E-009   3.9490582295993826E-009   3.6456360265514134E-009   2.8683024489340174E-009   1.9235204473140024E-009   1.0998239538968095E-009   5.3664856187596064E-010   2.2408311295456493E-010   8.0849635807854274E-011   2.6130961754824998E-011   8.5997429844861290E-012   3.8704456808071850E-012   2.7932812596421139E-012   2.5857260431549014E-012   2.5518424956230913E-012   2.5471507419837868E-012   2.5465992346552241E-012   2.5465441627855245E-012   2.5465394885516756E-012   2.5465391512045116E-012   2.5465391304939685E-012   2.5465391294120950E-012   2.5465391293639966E-012   2.5465391293621762E-012   2.5465391293621176E-012   2.5465391293621160E-012   2.5465391293621160E-012   2.5465391293621160E-012   2.5465391293621160E-012   2.5465391293621160E-012   2.5465391293621160E-012   2.5465391293621160E-012   2.5465391293621160E-012   2.5465391293621160E-012   2.5465391293621160E-012   2.5465391293621160E-012   2.5465391293621160E-012   2.5465391293621160E-012   2.5465391293621160E-012   2.5465391293621160E-012   2.5465391293621160E-012   2.5465391293621160E-012
   2.6766440788786084E-012   3.1414082384073620E-012   4.8642641094472807E-012   1.0241656920392631E-011   2.4317697077605899E-011   5.5034625068767418E-011   1.1037979036364078E-010   1.9132726558644365E-010   2.8417426915311022E-010   3.6056559260102190E-010   3.9038392754420921E-010   3.6056557552934830E-010   2.8417430944028264E-010   1.9132730609439354E-010   1.1037979550553110E-010   5.5034596911970218E-011   2.4317706420775042E-011   1.0241655957196681E-011   4.8642621201287323E-012   3.1414084617862622E-012   2.6766440168397478E-012   2.5707873340870115E-012   2.5503901632617830E-012   2.5470603095540892E-012   2.5465992346552241E-012   2.5465450361176857E-012   2.5465396240140875E-012   2.5465391646609194E-012   2.5465391315086437E-012   2.5465391294733468E-012   2.5465391293670274E-012   2.5465391293623010E-012   2.5465391293621217E-012   2.5465391293621160E-012   2.5465391293621160E-012   2.5465391293621160E-012   2.5465391293621160E-012   2.5465391293621160E-012   2.5465391293621160E-012   2.5465391293621160E-012   2.5465391293621160E-012   2.5465391293621160E-012   2.5465391293621160E-012   2.5465391293621160E-012   2.5465391293621160E-012   2.5465391293621160E-012   2.5465391293621160E-012   2.5465391293621160E-012   2.5465391293621160E-012   2.5465391293621160E-012   2.5465391293621160E-012
   2.5574345641002861E-012   2.5963555089805891E-012   2.7406333690923533E-012   3.1909546877731119E-012   4.3697305719706422E-012   6.9420714823550583E-012   1.1576865460481833E-011   1.8355684689014639E-011   2.6131011236964511E-011   3.2528282688068363E-011   3.5025372334402120E-011   3.2528281258427863E-011   2.6131014610750519E-011   1.8355688081289363E-011   1.1576865891081396E-011   6.9420691244082650E-012   4.3697313543996801E-012   3.1909546071117791E-012   2.7406332024999943E-012   2.5963555276871042E-012   2.5574345589049391E-012   2.5485697571981800E-012   2.5468616281500884E-012   2.5465827747790626E-012   2.5465441627855245E-012   2.5465396240140875E-012   2.5465391707859689E-012   2.5465391323181590E-012   2.5465391295418735E-012   2.5465391293714307E-012   2.5465391293625272E-012   2.5465391293621314E-012   2.5465391293621164E-012   2.5465391293621160E-012   2.5465391293621160E-012   2.5465391293621160E-012   2.5465391293621160E-012   2.5465391293621160E-012   2.5465391293621160E-012   2.5465391293621160E-012   2.5465391293621160E-012   2.5465391293621160E-012   2.5465391293621160E-012   2.5465391293621160E-012   2.5465391293621160E-012   2.5465391293621160E-012   2.5465391293621160E-012   2.5465391293621160E-012   2.5465391293621160E-012   2.5465391293621160E-012   2.5465391293621160E-012
   2.5473166372502195E-012   2.5500940704031033E-012   2.5603898664875494E-012   2.5925251952623482E-012   2.6766436880342750E-012   2.8602082172869291E-012   3.1909512270269360E-012   3.6746937805707073E-012   4.2295479804157861E-012   4.6860629460965371E-012   4.8642574783921864E-012   4.6860628440761153E-012   4.2295482211721422E-012   3.6746940226464408E-012   3.1909512577549008E-012   2.8602080490217540E-012   2.6766437438691049E-012   2.5925251895062843E-012   2.5603898545993711E-012   2.5500940717380169E-012   2.5473166368794750E-012   2.5466840367658390E-012   2.5465621431617100E-012   2.5465422439377866E-012   2.5465394885516756E-012   2.5465391646609194E-012   2.5465391323181590E-012   2.5465391295730620E-012   2.5465391293749434E-012   2.5465391293627808E-012   2.5465391293621451E-012   2.5465391293621168E-012   2.5465391293621160E-012   2.5465391293621160E-012   2.5465391293621160E-012   2.5465391293621160E-012   2.5465391293621160E-012   2.5465391293621160E-012   2.5465391293621160E-012   2.5465391293621160E-012   2.5465391293621160E-012   2.5465391293621160E-012   2.5465391293621160E-012   2.5465391293621160E-012   2.5465391293621160E-012   2.5465391293621160E-012   2.5465391293621160E-012   2.5465391293621160E-012   2.5465391293621160E-012   2.5465391293621160E-012   2.5465391293621160E-012
   2.5465864097872264E-012   2.5467553061060846E-012   2.5473813957228853E-012   2.5493355521099543E-012   2.5544508160947363E-012   2.5656134153571303E-012   2.5857259702804417E-012   2.6151424610009560E-012   2.6488832665211889E-012   2.6766440416552878E-012   2.6874800902255886E-012   2.6766440354514037E-012   2.6488832811616355E-012   2.6151424757216346E-012   2.5857259721490156E-012   2.5656134051248883E-012   2.5544508194900647E-012   2.5493355517599265E-012   2.5473813949999626E-012   2.5467553061872610E-012   2.5465864097646812E-012   2.5465479412131010E-012   2.5465405288363139E-012   2.5465393187601451E-012   2.5465391512045116E-012   2.5465391315086437E-012   2.5465391295418735E-012   2.5465391293749434E-012   2.5465391293628960E-012   2.5465391293621564E-012   2.5465391293621176E-012   2.5465391293621160E-012   2.5465391293621160E-012   2.5465391293621160E-012   2.5465391293621160E-012   2.5465391293621160E-012   2.5465391293621160E-012   2.5465391293621160E-012   2.5465391293621160E-012   2.5465391293621160E-012   2.5465391293621160E-012   2.5465391293621160E-012   2.5465391293621160E-012   2.5465391293621160E-012   2.5465391293621160E-012   2.5465391293621160E-012   2.5465391293621160E-012   2.5465391293621160E-012   2.5465391293621160E-012   2.5465391293621160E-012   2.5465391293621160E-012
   2.5465415793896050E-012   2.5465503314391694E-012   2.5465827748186049E-012   2.5466840373782147E-012   2.5469491055823795E-012   2.5475275410549375E-012   2.5485697548743122E-012   2.5500940899606963E-012   2.5518425070028925E-012   2.5532810444533380E-012   2.5538425583738937E-012   2.5532810441318584E-012   2.5518425077615467E-012   2.5500940907235083E-012   2.5485697549711400E-012   2.5475275405247123E-012   2.5469491057583222E-012   2.5466840373600765E-012   2.5465827747811435E-012   2.5465503314433760E-012   2.5465415793884366E-012   2.5465395859840073E-012   2.5465392018815626E-012   2.5465391391765449E-012   2.5465391304939685E-012   2.5465391294733468E-012   2.5465391293714307E-012   2.5465391293627808E-012   2.5465391293621564E-012   2.5465391293621180E-012   2.5465391293621160E-012   2.5465391293621160E-012   2.5465391293621160E-012   2.5465391293621160E-012   2.5465391293621160E-012   2.5465391293621160E-012   2.5465391293621160E-012   2.5465391293621160E-012   2.5465391293621160E-012   2.5465391293621160E-012   2.5465391293621160E-012   2.5465391293621160E-012   2.5465391293621160E-012   2.5465391293621160E-012   2.5465391293621160E-012   2.5465391293621160E-012   2.5465391293621160E-012   2.5465391293621160E-012   2.5465391293621160E-012   2.5465391293621160E-012   2.5465391293621160E-012
